0.026012
0.035542
0.039712
0.041879
0.043183
0.044064
0.044714
0.045230
0.045662
0.046044
0.046400
0.046749
0.047111
0.047509
0.047976
0.048564
0.049372
0.050603
0.052758
0.057238
0.068505
0.076444
0.081427
0.084620
0.086788
0.088358
0.089564
0.090542
0.091374
0.092115
0.092807
0.093485
0.094185
0.094948
0.095830
0.096910
0.098319
0.100282
0.103192
0.107688
0.114325
0.120303
0.124931
0.128386
0.130992
0.133015
0.134642
0.136001
0.137177
0.138236
0.139228
0.140199
0.141196
0.142270
0.143485
0.144927
0.146714
0.149013
0.152040
0.155998
0.160804
0.165511
0.169609
0.173002
0.175778
0.178068
0.179989
0.181641
0.183098
0.184423
0.185670
0.186888
0.188130
0.189450
0.190913
0.192598
0.194597
0.197016
0.199958
0.203459
0.207383
0.211329
0.214990
0.218235
0.221052
0.223488
0.225607
0.227475
0.229151
0.230689
0.232140
0.233554
0.234985
0.236487
0.238121
0.239955
0.242058
0.244497
0.247315
0.250499
0.253939
0.257432
0.260789
0.263895
0.266706
0.269225
0.271477
0.273502
0.275342
0.277041
0.278646
0.280205
0.281768
0.283391
0.285129
0.287042
0.289184
0.291600
0.294307
0.297281
0.300444
0.303671
0.306838
0.309850
0.312654
0.315227
0.317575
0.319714
0.321673
0.323488
0.325198
0.326850
0.328493
0.330179
0.331963
0.333900
0.336038
0.338411
0.341031
0.343874
0.346884
0.349971
0.353041
0.356014
0.358830
0.361457
0.363880
0.366105
0.368148
0.370038
0.371810
0.373506
0.375174
0.376868
0.378644
0.380557
0.382656
0.384976
0.387530
0.390303
0.393246
0.396287
0.399342
0.402334
0.405198
0.407889
0.410384
0.412678
0.414778
0.416707
0.418497
0.420188
0.421829
0.423476
0.425188
0.427028
0.429052
0.431306
0.433812
0.436561
0.439510
0.442588
0.445707
0.448782
0.451737
0.454518
0.457091
0.459443
0.461579
0.463515
0.465282
0.466920
0.468479
0.470018
0.471605
0.473314
0.475219
0.477385
0.479851
0.482619
0.485645
0.488847
0.492118
0.495349
0.498450
0.501354
0.504018
0.506426
0.508578
0.510493
0.512197
0.513732
0.515149
0.516511
0.517899
0.519404
0.521126
0.523164
0.525587
0.528417
0.531605
0.535038
0.538567
0.542047
0.545362
0.548429
0.551202
0.553663
0.555817
0.557680
0.559282
0.560662
0.561872
0.562980
0.564076
0.565276
0.566719
0.568556
0.570917
0.573859
0.577321
0.581131
0.585064
0.588912
0.592521
0.595797
0.598697
0.601209
0.603345
0.605128
0.606588
0.607762
0.608698
0.609462
0.610150
0.610904
0.611916
0.613426
0.615667
0.618779
0.622690
0.627102
0.631646
0.636015
0.640013
0.643543
0.646579
0.649131
0.651227
0.652899
0.654180
0.655100
0.655696
0.656019
0.656159
0.656273
0.656617
0.657563
0.659547
0.662900
0.667557
0.672942
0.678403
0.683489
0.687971
0.691784
0.694946
0.697509
0.699532
0.701061
0.702132
0.702763
0.702966
0.702759
0.702194
0.701412
0.700716
0.700661
0.702059
0.705715
0.711697
0.718704
0.725537
0.731565
0.736600
0.740676
0.743911
0.746428
0.748329
0.749683
0.750524
0.750854
0.750646
0.749856
0.748447
0.746464
0.744174
0.742305
0.742314
0.746205
0.754813
0.764640
0.773474
0.780636
0.786186
0.790410
0.793593
0.795963
0.797674
0.798817
0.799427
0.799483
0.798910
0.797571
0.795273
0.791825
0.787209
0.782071
0.778689
0.781976
0.796709
0.811570
0.823085
0.831318
0.837100
0.841183
0.844090
0.846158
0.847587
0.848485
0.848882
0.848742
0.847940
0.846243
0.843251
0.838352
0.830768
0.820082
0.808392
0.806303
0.838477
0.861845
0.875978
0.884450
0.889714
0.893130
0.895426
0.896990
0.898032
0.898652
0.898877
0.898661
0.897867
0.896211
0.893137
0.887565
0.877429
0.859095
0.828495
0.796368
0.889050
0.921357
0.934531
0.940789
0.944176
0.946200
0.947493
0.948345
0.948898
0.949216
0.949312
0.949157
0.948655
0.947596
0.945519
0.941343
0.932287
0.910377
0.850124
0.661623
